A = [
    5 8 12;
    -9 4 3;
    2 -1 6
    ];

b = [1;2;3];

